>> A=[0 1; -25 -4];
>> B=[1 1; 0 1];
>> C=[1 0; 0 1]; D=[0 0; 0 0];
>> [num1 den1]=ss2tf(A, B, C, D,1)

num1 =

     0     1     4
     0     0   -25


den1 =

    1.0000    4.0000   25.0000

>> [num2 den2]=ss2tf(A, B, C, D,2)

num2 =

         0    1.0000    5.0000
         0    1.0000  -25.0000


den2 =

    1.0000    4.0000   25.0000

>> 
