>> num = [10 10];
>> den = [1 6 5 10];
>> [A B C D]= tf2ss(num,den)

A =

    -6    -5   -10
     1     0     0
     0     1     0


B =

     1
     0
     0


C =

     0    10    10


D =

     0

>> 
